data;
template tick;
float time;
float price;
float volume;
;
;
tick 5214591229 60120 1;
tick 5575271434 59510 1;
tick 5813440676 58700 10;
tick 5813440676 58700 10;
tick 5814758316 59150 10;
tick 6069352805 59450 8;
tick 6069993639 59500 5;
tick 6070010315 59460 5;
tick 6070428427 59300 5;
tick 6071087419 59300 5;
tick 6156695042 59155 10;
tick 6157289075 59000 1;
tick 6157327919 59000 1;
tick 6157629983 59050 1;
tick 6157837042 59050 6;
tick 6157837042 59000 1;
tick 6338368718 58165 1;
tick 6347171858 58000 1;
tick 6349138097 58000 1;
tick 6349531670 58050 1;
tick 6349707514 58050 1;
tick 6418517961 58420 1;
tick 6418859789 58415 1;
tick 6419190759 58685 1;
tick 6419217966 58885 1;
tick 6428970401 58000 2;
tick 6439018613 57700 1;
tick 6439832684 57915 1;
tick 6440691918 57985 1;
tick 6443505617 58000 1;
tick 6443505648 57705 1;
tick 6443879550 58100 2;
tick 6697791296 58100 100;
tick 6698231732 58150 1;
tick 6766615011 57525 5;
tick 6766964389 57750 5;
tick 6767773438 57210 5;
tick 6787776483 57215 1;
tick 6788140369 57160 5;
tick 6848376750 57415 1;
tick 6849131963 57150 5;
tick 6852434827 57215 1;
tick 6852452237 57150 1;
tick 6855254626 57485 1;
tick 6865754115 57450 1;
tick 6872174525 57550 1;
tick 6873538669 57685 1;
tick 6874765564 57150 1;
tick 6933621009 58035 1;
tick 6936048880 57715 100;
tick 6936923823 57985 1;
tick 6938449348 58450 100;
tick 6940105244 58590 1;
tick 7282300337 60155 1;
tick 7286738295 60085 1;
tick 7303814381 59515 100;
tick 7305248086 59415 1;
tick 7308224275 59350 1;
tick 7308456466 59600 1;
tick 7371470586 59710 1;
tick 7371516295 59740 1;
tick 7376806617 59995 1;
tick 7385906768 59730 20;
tick 7389041687 60400 1;
tick 7389042389 60395 1;
tick 7453934454 60745 5;
tick 7453934454 60745 3;
tick 7453934454 60745 2;
tick 7453976933 60780 10;
tick 7455918091 60225 1;
tick 7456737623 60875 1;
tick 7457256214 60875 5;
tick 7457659491 60750 5;
tick 7460910271 60215 1;
tick 7463557487 60680 13;
tick 7463557487 60685 1;
tick 7463561012 60685 6;
tick 7476521414 60415 1;
tick 7479755877 60785 1;
tick 7538555573 60800 1;
tick 7539488970 60705 1;
tick 7544101222 60450 1;
tick 7545716933 60785 1;
tick 7548562112 60985 1;
tick 7556227763 61400 5;
tick 7556716106 61900 5;
tick 7561213271 62250 2;
tick 7561404730 62250 1;
tick 7566190164 62710 2;
tick 7568173091 62900 1;
tick 7629856924 63685 1;
tick 7633442980 63300 5;
tick 7633481263 63215 1;
tick 7633846647 63000 1;
tick 7635284298 63150 1;
tick 7637923995 63215 1;
tick 7643534576 63115 1;
tick 7645308517 63115 1;
tick 7645331995 62800 1;
tick 7645864097 63300 1;
tick 7652395984 62985 1;
tick 7654437466 63095 2;
tick 7888448734 63070 1;
tick 7891961927 63000 1;
tick 7904883164 63015 1;
tick 7904886048 62985 1;
tick 7909536123 62515 1;
tick 7909540834 62500 1;
tick 7910346529 62515 1;
tick 7911916234 62685 1;
tick 7912143776 62700 1;
tick 7970920153 62460 1;
tick 7972210291 62685 1;
tick 7975080633 62500 1;
tick 7975105157 62450 1;
tick 7981159855 62785 100;
;
;
